Ire-juv-1C 20377990 124.07787306
Ire-juv-21C 19526053 124.061044597
Ire-juv-22C 20381474 124.041259862
Ire-juv-2C 20747973 124.108880968
Ire-juv-41C 20492428 124.10924474
Ire-juv-42C 20932160 124.12919005
Ire-juv-61C 21238300 124.163545674
Ire-juv-62C 19866137 124.12214751
Ire-juv-81C 20886055 124.086290047
Ire-juv-82C 20384167 124.03604856
Swe-sin-101C 18350889 124.149354741
Swe-sin-102C 18587790 124.154368994
Swe-sin-1C 17406394 124.161824617
Swe-sin-2C 17075578 124.163133148
Swe-sin-31C 17918849 124.097190938
Swe-sin-32C 18198255 124.129029024
Swe-sin-61C 18414836 124.165724762
Swe-sin-62C 17816195 124.129414764
Swe-sin-91C 17605258 124.16192204
Swe-sin-92C 18828319 124.12664972
37 25801872 109.265296428
38 27374811 109.537040866
39 29288842 109.666802986
40 26248591 108.873983537
41 28097669 108.815399214
42 23666443 109.668666417
43 23670774 109.113732611
44 30042100 109.040167742
46 29284857 108.29211817
47 26141791 109.476418522
26 26209582 109.921305574
27 25547104 109.836937619
29 24619032 109.923121678
30 25603146 109.091778069
31 24316597 108.542586127
32 24289717 108.215667368
33 23506493 108.417053393
34 24164368 108.440744157
35 28419839 108.542254107
36 26772602 108.367525705
13 27052962 110.230854223
14 28851910 110.120342437
15 34724777 109.916999124
17 29251598 109.784726638
18 29898332 109.971492661
20 29779108 108.860011509
21 29785086 109.386623794
22 31183823 108.496333616
23 29109134 109.554128136
24 31646683 109.984068799
1 23290318 110.520260575
2 22593242 110.929554182
3 21152886 110.948039969
6 22228581 110.897610841
7 23401123 110.753199257
8 25165845 111.125365385
9 23840199 110.756542841
10 23379712 110.936998108
11 22907156 110.213666207
12 22809199 109.694599671
