Ire-juv-61C	8789	51272	17480	33161	3739	74	45	0	828	31943	300000	 IRISH_JUVERNICA 
Ire-juv-62C	9308	53271	18368	11252	3962	125	81	0	1034	49215	300000	 IRISH_JUVERNICA 
Ire-juv-41C	7048	57783	9118	31607	4712	136	150	0	1150	34709	300000	 IRISH_JUVERNICA 
Ire-juv-1C	8113	50163	16242	33532	4193	99	81	0	625	34630	300000	 IRISH_JUVERNICA 
Ire-juv-81C	9028	49362	12865	30700	4901	106	93	0	3359	37751	300000	 IRISH_JUVERNICA 
Ire-juv-82C	6994	51424	17337	17571	4180	109	89	0	1263	48272	300000	 IRISH_JUVERNICA 
Ire-juv-21C	7155	54933	16946	29266	5125	145	60	0	1207	34112	300000	 IRISH_JUVERNICA 
Ire-juv-2C	7650	52276	16789	31385	4444	75	101	0	1570	32900	300000	 IRISH_JUVERNICA 
Ire-juv-22C	9363	50720	18219	29748	4672	77	113	0	905	32745	300000	 IRISH_JUVERNICA 
Ire-juv-42C	7485    50608   16722   31878   5129    160     77      0       466     35164   300000   IRISH_JUVERNICA
Swe-sin-1C	10109	85521	33583	22246	8402	110	192	0	911	82417	500000	 SWEDISH_SINAPIS 
Swe-sin-102C	10876	82995	27411	29310	8204	227	65	0	846	82659	500000	 SWEDISH_SINAPIS 
Swe-sin-101C	11648	98401	16769	26885	8344	155	193	0	763	80358	500000	 SWEDISH_SINAPIS 
Swe-sin-61C	12521	78673	31566	30960	9195	342	99	0	787	78985	500000	 SWEDISH_SINAPIS 
Swe-sin-31C	12097	83020	33912	38945	9059	241	154	0	973	67970	500000	 SWEDISH_SINAPIS 
Swe-sin-2C	14503	81408	29242	27077	9124	66	109	0	1087	79401	500000	 SWEDISH_SINAPIS 
Swe-sin-92C	12527	83075	30162	22318	8459	324	201	0	849	85145	500000	 SWEDISH_SINAPIS 
Swe-sin-91C	9422	87485	33178	33607	7137	258	153	0	1132	70141	500000	 SWEDISH_SINAPIS 
Swe-sin-62C	11540	78506	31231	23716	9036	188	213	0	1419	82303	500000	 SWEDISH_SINAPIS 
Swe-sin-32C	11135   85290   27009   38907   9001    193     91      0       1327    71125   500000   SWEDISH_SINAPIS
Sample_42	15457	78696	29450	31884	8916	265	103	0	1409	71578	500000	 SPANISH_SINAPIS 
Sample_43	13710	86129	33229	29607	7691	214	158	0	1811	64823	500000	 SPANISH_SINAPIS 
Sample_41	13438	77104	16298	46077	7718	445	138	0	2706	69043	500000	 SPANISH_SINAPIS 
Sample_44	13877	94954	29613	21959	8439	137	81	0	1246	69079	500000	 SPANISH_SINAPIS 
Sample_46	9193	89522	29330	37739	8208	176	246	0	1507	67462	500000	 SPANISH_SINAPIS 
Sample_47	14695	85708	33805	36778	8511	337	189	0	1235	64161	500000	 SPANISH_SINAPIS 
Sample_38	12653	89805	29656	31999	7717	128	157	0	964	66844	500000	 SPANISH_SINAPIS 
Sample_39	15180	93851	36165	27020	8033	122	267	0	1329	64023	500000	 SPANISH_SINAPIS 
Sample_40	11605	81962	28439	29923	7998	228	191	0	1810	72834	500000	 SPANISH_SINAPIS 
Sample_37	12372   83367   31263   29224   6289    318     92      0       1622    68982   500000   SPANISH_SINAPIS
Sample_31	10877	97861	35043	64108	8741	185	161	0	727	81607	600000	 SPANISH_REALI 
Sample_30	15516	108904	38592	52679	8972	379	292	0	781	81216	600000	 SPANISH_REALI 
Sample_29	16498	108994	39039	54761	9811	148	285	0	1749	82615	600000	 SPANISH_REALI 
Sample_27	11483	105266	16825	64255	8264	115	171	0	2218	103860	600000	 SPANISH_REALI 
Sample_26	14268	97887	35986	46718	6607	326	52	0	1759	91837	600000	 SPANISH_REALI 
Sample_35	13950	115824	32109	38232	9086	101	215	0	1619	91791	600000	 SPANISH_REALI 
Sample_33	13733	100391	37929	29723	5107	188	205	0	2204	110711	600000	 SPANISH_REALI 
Sample_32	12915	96280	35736	68369	6822	171	124	0	906	84590	600000	 SPANISH_REALI 
Sample_36	12757   91946   32952   82767   10319   190     124     0       1112    76538   600000   SPANISH_REALI
Sample_34	13170   88860   36992   87060   6919    206     316     0       2638    78537   600000   SPANISH_REALI
Sample_18	31322	129062	36240	83877	9085	153	255	0	3730	91039	700000	 KAZAK_JUVERNICA 
Sample_17	34799	145013	36955	43389	5596	249	169	0	3998	113355	700000	 KAZAK_JUVERNICA 
Sample_15	28979	133171	34861	91756	10437	237	292	0	6629	83949	700000	 KAZAK_JUVERNICA 
Sample_14	29258	145089	16452	91830	11606	170	318	0	2145	86053	700000	 KAZAK_JUVERNICA 
Sample_13	34048	130858	38235	78936	9562	133	210	0	2687	83985	700000	 KAZAK_JUVERNICA 
Sample_22	23689	128920	34895	83170	9894	372	205	0	3568	85149	700000	 KAZAK_JUVERNICA 
Sample_21	26432	129919	40910	78435	10305	224	273	0	2450	86900	700000	 KAZAK_JUVERNICA 
Sample_20	26260	131048	32210	85444	9144	543	255	0	2592	90911	700000	 KAZAK_JUVERNICA 
Sample_23	25882   126599  36596   74074   11230   340     115     0       1480    91848   700000   KAZAK_JUVERNICA
Sample_24	39106   124138  35145   91697   11217   214     202     0       1688    81007   700000   KAZAK_JUVERNICA
Sample_11	8441	61511	26079	14557	5476	151	161	0	529	72195	400000	 KAZAK_SINAPIS 
Sample_10	9262	58678	23236	24376	5971	281	129	0	1399	56833	400000	 KAZAK_SINAPIS 
Sample_8	8963	75490	26529	28986	4104	126	70	0	682	52631	400000	 KAZAK_SINAPIS 
Sample_9	8452	62782	26271	12562	5275	63	57	0	783	61756	400000	 KAZAK_SINAPIS 
Sample_6	7534	67246	25455	20898	5779	105	171	0	810	62710	400000	 KAZAK_SINAPIS 
Sample_7	7892	59772	25069	16754	5936	106	125	0	604	63522	400000	 KAZAK_SINAPIS 
Sample_2	7131	65935	23039	22652	6301	241	123	0	572	64622	400000	 KAZAK_SINAPIS 
Sample_3	6839	64760	22948	14940	6417	43	176	0	498	68125	400000	 KAZAK_SINAPIS 
Sample_12	9650	58129	23429	34572	6794	67	171	0	517	55710	400000	 KAZAK_SINAPIS 
Sample_1	8457    60756   24217   36692   7487    175     150     0       1598    50319   400000   KAZAK_SINAPIS
